# Created by Octave 7.1.0, Wed Aug 10 19:55:26 2022 -05 <ajapps@Antonios-Macintosh.local>
# name: trainingExample
# type: matrix
# rows: 1
# columns: 6
 1951 1.948 0.29699999999999999 0.39400000000000002 1.55 0.56399999999999995


